Comparing: C:\GitHub\populationsim\bay_area\example_2015_outputs\hh_persons_model\households.csv vs C:\GitHub\populationsim\bay_area\output_2023\populationsim_working_dir\output\households_2023_tm2.csv

Column presence:
  BLD: Both
  HHID: Both
  HHINCADJ: Both
  HHT: Both
  MAZ: Both
  MAZ_ORIGINAL: Only in new
  MTCCountyID: Both
  NP: Both
  NWRKRS_ESR: Both
  ORIG_MAZ: Only in old
  ORIG_TAZ: Only in old
  TAZ: Both
  TAZ_ORIGINAL: Only in new
  TEN: Only in new
  TYPE: Both
  VEH: Both

=== BLD ===
  Value           Old      New      Diff     %Diff
  -9                 83728   122151    38423    45.89
  1                  70035    58550   -11485   -16.40
  10                  2498     3684     1186    47.48
  2                1417205  1529009   111804     7.89
  3                 267916   287611    19695     7.35
  4                  98803   102436     3633     3.68
  5                 172253   194734    22481    13.05
  6                 167064   176606     9542     5.71
  7                 142380   167512    25132    17.65
  8                 146292   186074    39782    27.19
  9                 199853   381542   181689    90.91

=== HHINCADJ ===
  Stat      Old         New         Diff        %Diff
  mean       93584.54  123780.34   30195.80      32.27
  median     66135.77   88556.00   22420.23      33.90
  min       -21382.11   -5545.00   15837.11     -74.07
  max      1517212.48 1715388.00  198175.52      13.06

=== HHT ===
  Value           Old      New      Diff     %Diff
  -9                 83728   122151    38423    45.89
  1                1142602  1453894   311292    27.24
  2                 193224   186151    -7073    -3.66
  3                 503999   358441  -145558   -28.88
  4                 302952   380602    77650    25.63
  5                 101317   174272    72955    72.01
  6                 372748   401838    29090     7.80
  7                  67457   132560    65103    96.51

=== NP ===
  Value           Old      New      Diff     %Diff
  1                 759428   904591   145163    19.11
  10                  7735     1110    -6625   -85.65
  11                  2317      120    -2197   -94.82
  12                  1017       16    -1001   -98.43
  13                  1089       50    -1039   -95.41
  14                   137        2     -135   -98.54
  15                   375        3     -372   -99.20
  18                    38        0      -38  -100.00
  2                 840401  1045783   205382    24.44
  3                 465128   527665    62537    13.45
  4                 307897   443541   135644    44.05
  5                 188394   176658   -11736    -6.23
  6                 111705    90725   -20980   -18.78
  7                  45273    13390   -31883   -70.42
  8                  24730     4322   -20408   -82.52
  9                  12363     1933   -10430   -84.36

=== NWRKRS_ESR ===
  Value           Old      New      Diff     %Diff
  0                 673873   813913   140040    20.78
  1                1046653  1155259   108606    10.38
  10                    51        6      -45   -88.24
  11                     0        1        1      nan
  2                 813531   952333   138802    17.06
  3                 174350   130367   -43983   -25.23
  4                  46024    75943    29919    65.01
  5                   9787    60296    50509   516.08
  6                   3047    18347    15300   502.13
  7                    219     2713     2494  1138.81
  8                    492      713      221    44.92
  9                      0       18       18      nan

=== TYPE ===
  Value           Old      New      Diff     %Diff
  1                2684299  3087758   403459    15.03
  2                      0   108300   108300      nan
  3                  83728    13851   -69877   -83.46

=== VEH ===
  Value           Old      New      Diff     %Diff
  -9                 83728   122151    38423    45.89
  0                 274665   335560    60895    22.17
  1                 880707  1021998   141291    16.04
  2                 951040  1063634   112594    11.84
  3                 371535   417684    46149    12.42
  4                 148534   156417     7883     5.31
  5                  40291    63816    23525    58.39
  6                  17527    28649    11122    63.46


---

Note: Only columns present in both files are compared. Columns missing in one file are listed above.
